7×7 Matrix{Float64}:
N2::

  0.0211009    -0.00633257   -0.000113671  -0.00024528   -0.000113868  -0.00630354   -0.00799197
 -0.00633257    0.0210926    -0.0063041    -0.000113867  -0.000244439  -0.000113782  -0.00798382
 -0.000113671  -0.0063041     0.0211662    -0.00630352   -0.00011378   -0.000252882  -0.00807827
 -0.00024528   -0.000113867  -0.00630352    0.0211009    -0.00633257   -0.000113671  -0.00799201
 -0.000113868  -0.000244439  -0.00011378   -0.00633257    0.0210926    -0.00630409   -0.00798387
 -0.00630354   -0.000113782  -0.000252882  -0.000113671  -0.00630409    0.0211667    -0.00807876
 -0.00799197   -0.00798382   -0.00807827   -0.00799201   -0.00798387   -0.00807876    0.0481087
7×7 Matrix{Float64}:
SZ2::

  0.00748455  -0.002262    -3.2943e-5   -8.3372e-5   -3.31592e-5  -0.00224749  -0.00282559
 -0.002262     0.00748151  -0.00224727  -3.31591e-5  -8.3116e-5   -3.25398e-5  -0.00282343
 -3.2943e-5   -0.00224727   0.00750428  -0.00224749  -3.25397e-5  -8.81908e-5  -0.00285585
 -8.3372e-5   -3.31591e-5  -0.00224749   0.00748456  -0.00226199  -3.29428e-5  -0.0028256
 -3.31592e-5  -8.3116e-5   -3.25397e-5  -0.00226199   0.00748151  -0.00224726  -0.00282344
 -0.00224749  -3.25398e-5  -8.81908e-5  -3.29428e-5  -0.00224726   0.00750441  -0.00285598
 -0.00282559  -0.00282343  -0.00285585  -0.0028256   -0.00282344  -0.00285598   0.0170099