--------------------------------------------------
 ---------- Fockspaces in state ------: Dim = 113732  
 ----------                root ------:     =     1  
 --------------------------------------------------
 Printing contributions greater than: 0.001000
 Weight              # Configs           Fock space(α,β)...  
 -------             ---------           ----------          
 0.896               9525                ( 3,3 )( 3,3 )( 3,3 )( 3,3 )( 3,3 )( 3,3 )( 3,3 )
 0.002               1123                ( 3,3 )( 3,2 )( 3,3 )( 3,3 )( 3,3 )( 3,4 )( 3,3 )
 0.001               886                 ( 3,3 )( 3,3 )( 3,3 )( 3,3 )( 4,3 )( 3,3 )( 2,3 )
 0.001               880                 ( 3,2 )( 3,4 )( 3,3 )( 3,3 )( 3,3 )( 3,3 )( 3,3 )
 0.002               1086                ( 3,4 )( 3,3 )( 3,3 )( 3,3 )( 3,3 )( 3,2 )( 3,3 )
 0.002               1073                ( 3,3 )( 3,3 )( 3,3 )( 3,3 )( 4,3 )( 2,3 )( 3,3 )
 0.002               1083                ( 3,3 )( 3,3 )( 3,3 )( 3,4 )( 3,3 )( 3,2 )( 3,3 )
 0.002               1053                ( 3,3 )( 3,3 )( 3,3 )( 3,3 )( 3,4 )( 3,2 )( 3,3 )
 0.001               886                 ( 4,3 )( 3,3 )( 2,3 )( 3,3 )( 3,3 )( 3,3 )( 3,3 )
 0.002               1074                ( 3,3 )( 4,3 )( 3,3 )( 3,3 )( 3,3 )( 2,3 )( 3,3 )
 0.001               884                 ( 3,3 )( 3,3 )( 3,3 )( 3,4 )( 3,3 )( 3,3 )( 3,2 )
 0.001               893                 ( 3,3 )( 4,3 )( 3,3 )( 2,3 )( 3,3 )( 3,3 )( 3,3 )
 0.002               1071                ( 3,3 )( 3,3 )( 3,2 )( 3,3 )( 3,3 )( 3,4 )( 3,3 )
 0.001               882                 ( 3,3 )( 3,3 )( 3,3 )( 3,3 )( 3,4 )( 3,3 )( 3,2 )
 0.001               899                 ( 3,3 )( 2,3 )( 3,3 )( 4,3 )( 3,3 )( 3,3 )( 3,3 )
 0.001               872                 ( 4,3 )( 2,3 )( 3,3 )( 3,3 )( 3,3 )( 3,3 )( 3,3 )
 0.001               880                 ( 3,3 )( 3,3 )( 3,4 )( 3,3 )( 3,2 )( 3,3 )( 3,3 )
 0.002               1083                ( 3,3 )( 3,3 )( 3,4 )( 3,3 )( 3,3 )( 3,2 )( 3,3 )
 0.002               1083                ( 3,3 )( 3,3 )( 4,3 )( 3,3 )( 3,3 )( 2,3 )( 3,3 )
 0.001               900                 ( 3,3 )( 3,3 )( 4,3 )( 3,3 )( 2,3 )( 3,3 )( 3,3 )
 0.001               888                 ( 3,3 )( 3,3 )( 3,3 )( 4,3 )( 3,3 )( 3,3 )( 2,3 )
 0.002               1083                ( 3,3 )( 3,3 )( 3,3 )( 4,3 )( 3,3 )( 2,3 )( 3,3 )
 0.002               1079                ( 4,3 )( 3,3 )( 3,3 )( 3,3 )( 3,3 )( 2,3 )( 3,3 )
 0.001               873                 ( 3,4 )( 3,2 )( 3,3 )( 3,3 )( 3,3 )( 3,3 )( 3,3 )
 0.002               1132                ( 2,3 )( 3,3 )( 3,3 )( 3,3 )( 3,3 )( 4,3 )( 3,3 )
 0.001               882                 ( 3,3 )( 3,2 )( 3,3 )( 3,4 )( 3,3 )( 3,3 )( 3,3 )
 0.001               885                 ( 3,3 )( 3,3 )( 3,3 )( 3,2 )( 3,3 )( 3,3 )( 3,4 )
 0.001               872                 ( 3,3 )( 3,3 )( 3,3 )( 3,3 )( 3,2 )( 3,3 )( 3,4 )
 0.002               1081                ( 3,3 )( 3,3 )( 3,3 )( 3,3 )( 3,3 )( 3,2 )( 3,4 )
 0.002               1084                ( 3,3 )( 3,3 )( 3,3 )( 3,2 )( 3,3 )( 3,4 )( 3,3 )
 0.002               1123                ( 3,3 )( 3,3 )( 3,3 )( 3,3 )( 3,2 )( 3,4 )( 3,3 )
 0.002               1074                ( 3,3 )( 3,3 )( 3,3 )( 3,3 )( 3,3 )( 2,3 )( 4,3 )
 0.001               871                 ( 3,3 )( 3,3 )( 3,3 )( 3,3 )( 2,3 )( 3,3 )( 4,3 )
 0.001               883                 ( 3,3 )( 3,3 )( 3,3 )( 2,3 )( 3,3 )( 3,3 )( 4,3 )
 0.001               885                 ( 3,3 )( 3,4 )( 3,3 )( 3,2 )( 3,3 )( 3,3 )( 3,3 )
 0.002               1054                ( 3,3 )( 3,4 )( 3,3 )( 3,3 )( 3,3 )( 3,2 )( 3,3 )
 0.001               888                 ( 3,2 )( 3,3 )( 3,4 )( 3,3 )( 3,3 )( 3,3 )( 3,3 )
 0.002               1096                ( 3,3 )( 3,3 )( 2,3 )( 3,3 )( 3,3 )( 4,3 )( 3,3 )
 0.001               881                 ( 3,4 )( 3,3 )( 3,2 )( 3,3 )( 3,3 )( 3,3 )( 3,3 )
 0.002               1151                ( 3,3 )( 3,3 )( 3,3 )( 3,3 )( 3,3 )( 3,4 )( 3,2 )
 0.001               885                 ( 2,3 )( 4,3 )( 3,3 )( 3,3 )( 3,3 )( 3,3 )( 3,3 )
 0.002               1120                ( 3,3 )( 2,3 )( 3,3 )( 3,3 )( 3,3 )( 4,3 )( 3,3 )
 0.001               883                 ( 3,3 )( 3,3 )( 3,2 )( 3,3 )( 3,4 )( 3,3 )( 3,3 )
 0.001               897                 ( 3,3 )( 3,3 )( 2,3 )( 3,3 )( 4,3 )( 3,3 )( 3,3 )
 0.002               1130                ( 3,3 )( 3,3 )( 3,3 )( 3,3 )( 3,3 )( 4,3 )( 2,3 )
 0.001               881                 ( 2,3 )( 3,3 )( 4,3 )( 3,3 )( 3,3 )( 3,3 )( 3,3 )
 0.002               1127                ( 3,3 )( 3,3 )( 3,3 )( 3,3 )( 2,3 )( 4,3 )( 3,3 )
 0.002               1091                ( 3,3 )( 3,3 )( 3,3 )( 2,3 )( 3,3 )( 4,3 )( 3,3 )
 0.002               1144                ( 3,2 )( 3,3 )( 3,3 )( 3,3 )( 3,3 )( 3,4 )( 3,3 )
 --------------------------------------------------
7-element Vector{Dict{Tuple{Int64, Int64, Int64}, Bool}}:
 Dict((3, 3, 1) => 1)
 Dict((3, 3, 1) => 1)
 Dict((3, 3, 1) => 1)
 Dict((3, 3, 1) => 1)
 Dict((3, 3, 1) => 1)
 Dict((3, 3, 1) => 1)
 Dict((3, 3, 1) => 1)
 * κ1(Q) **************************
 Root =  1:     <Q> =    0.03424627   0.03424847   0.03424989   0.03424389   0.03424957   0.07416684   0.03424593
 Root =  1:     <N> =    6.00009508   6.00006097   6.00008641   6.00008872   6.00006299   5.99951410   6.00009172
 Root =  1:    <Sz> =    0.00001386  -0.00001440   0.00000181   0.00000359  -0.00001414  -0.00000642   0.00001570
 Root =  1:    <S2> =    0.02767142   0.02767881   0.02767573   0.02766855   0.02768138   0.06288520   0.02767127
 Root =  1:     <H> =  -27.61903521 -27.61890618 -27.61859756 -27.61863286 -27.61891951 -33.78491033 -27.61902047
 Root =  1:  <Hcmf> =   -6.41463967  -6.41463647  -6.41461355  -6.41461401  -6.41463679  -6.34923376  -6.41463891
 * κ2(N) **************************
 Root =  1: Cov(NI, NJ):
   0.02550829  -0.00759149  -0.00759755  -0.00017893  -0.00018108  -0.00955544  -0.00040380
  -0.00759149   0.02551065  -0.00017870  -0.00759694  -0.00040329  -0.00955850  -0.00018174
  -0.00759755  -0.00017870   0.02548714  -0.00040443  -0.00759720  -0.00953065  -0.00017861
  -0.00017893  -0.00759694  -0.00040443   0.02548365  -0.00017889  -0.00952713  -0.00759733
  -0.00018108  -0.00040329  -0.00759720  -0.00017889   0.02551021  -0.00955950  -0.00759024
  -0.00955544  -0.00955850  -0.00953065  -0.00952713  -0.00955950   0.05728681  -0.00955559
  -0.00040380  -0.00018174  -0.00017861  -0.00759733  -0.00759024  -0.00955559   0.02550731

 * κ2(Sz) *************************
 Root =  1: Cov(SzI, SzJ):
   0.00925446  -0.00275870  -0.00276328  -0.00004766  -0.00004725  -0.00350342  -0.00013415
  -0.00275870   0.00925935  -0.00004721  -0.00276279  -0.00013475  -0.00350864  -0.00004727
  -0.00276328  -0.00004721   0.00925669  -0.00013419  -0.00276300  -0.00350141  -0.00004761
  -0.00004766  -0.00276279  -0.00013419   0.00925467  -0.00004716  -0.00349950  -0.00276338
  -0.00004725  -0.00013475  -0.00276300  -0.00004716   0.00926062  -0.00350988  -0.00275859
  -0.00350342  -0.00350864  -0.00350141  -0.00349950  -0.00350988   0.02102656  -0.00350371
  -0.00013415  -0.00004727  -0.00004761  -0.00276338  -0.00275859  -0.00350371   0.00925471

 * κ2(Q) **************************
 Root =  1: Cov(QI, QJ):
   0.03307346   0.01079417   0.01080873   0.00010410   0.00011049   0.01342415  -0.00005672
   0.01079417   0.03307551   0.00010328   0.01080557  -0.00005735   0.01342571   0.00011064
   0.01080873   0.00010328   0.03307683  -0.00006024   0.01080523   0.01342283   0.00010397
   0.00010410   0.01080557  -0.00006024   0.03307124   0.00010314   0.01341670   0.01080811
   0.00011049  -0.00005735   0.01080523   0.00010314   0.03307654   0.01342799   0.01079245
   0.01342415   0.01342571   0.01342283   0.01341670   0.01342799   0.06866612   0.01342431
  -0.00005672   0.00011064   0.00010397   0.01080811   0.01079245   0.01342431   0.03307314

Root =  1: Cov(S2i,S2j):
   0.03393927   0.01005385   0.01007677  -0.00014237  -0.00013552   0.01286263  -0.00009454
   0.01005385   0.03394938  -0.00014198   0.01007536  -0.00009262   0.01287511  -0.00013532
   0.01007677  -0.00014198   0.03396720  -0.00009892   0.01007666   0.01287065  -0.00014262
  -0.00014237   0.01007536  -0.00009892   0.03395539  -0.00014202   0.01286010   0.01007542
  -0.00013552  -0.00009262   0.01007666  -0.00014202   0.03395483   0.01287720   0.01005458
   0.01286263   0.01287511   0.01287065   0.01286010   0.01287720   0.07845006   0.01286300
  -0.00009454  -0.00013532  -0.00014262   0.01007542   0.01005458   0.01286300   0.03394001

 Root =  1: Cov(Hi,Hj):
   0.39745735  -0.11405685  -0.11419372  -0.00292225  -0.00295036  -0.17548873  -0.00635863
  -0.11405685   0.39751041  -0.00291611  -0.11418294  -0.00634246  -0.17549965  -0.00296043
  -0.11419372  -0.00291611   0.39731497  -0.00636894  -0.11418488  -0.17510798  -0.00291800
  -0.00292225  -0.11418294  -0.00636894   0.39721761  -0.00291933  -0.17503347  -0.11418687
  -0.00295036  -0.00634246  -0.11418488  -0.00291933   0.39748774  -0.17551854  -0.11403867
  -0.17548873  -0.17549965  -0.17510798  -0.17503347  -0.17551854   1.27496833  -0.17549459
  -0.00635863  -0.00296043  -0.00291800  -0.11418687  -0.11403867  -0.17549459   0.39746266

 Root =  1: Cov(Hcmf_i,Hcmf_j):
   0.00537228   0.00148392   0.00148666  -0.00001089  -0.00001020   0.00180317  -0.00003233
   0.00148392   0.00537565  -0.00001101   0.00148661  -0.00003220   0.00180642  -0.00001019
   0.00148666  -0.00001101   0.00537254  -0.00003288   0.00148624   0.00180125  -0.00001089
  -0.00001089   0.00148661  -0.00003288   0.00537350  -0.00001103   0.00180101   0.00148668
  -0.00001020  -0.00003220   0.00148624  -0.00001103   0.00537531   0.00180664   0.00148383
   0.00180317   0.00180642   0.00180125   0.00180101   0.00180664   0.01312006   0.00180329
  -0.00003233  -0.00001019  -0.00001089   0.00148668   0.00148383   0.00180329   0.00537307