--------------------------------------------------
 ---------- Fockspaces in state ------: Dim = 113732  
 ----------                root ------:     =     1  
 --------------------------------------------------
 Printing contributions greater than: 0.001000
 Weight              # Configs           Fock space(α,β)...  
 -------             ---------           ----------          
 0.896               9525                ( 3,3 )( 3,3 )( 3,3 )( 3,3 )( 3,3 )( 3,3 )( 3,3 )
 0.002               1123                ( 3,3 )( 3,2 )( 3,3 )( 3,3 )( 3,3 )( 3,4 )( 3,3 )
 0.001               886                 ( 3,3 )( 3,3 )( 3,3 )( 3,3 )( 4,3 )( 3,3 )( 2,3 )
 0.001               880                 ( 3,2 )( 3,4 )( 3,3 )( 3,3 )( 3,3 )( 3,3 )( 3,3 )
 0.002               1086                ( 3,4 )( 3,3 )( 3,3 )( 3,3 )( 3,3 )( 3,2 )( 3,3 )
 0.002               1073                ( 3,3 )( 3,3 )( 3,3 )( 3,3 )( 4,3 )( 2,3 )( 3,3 )
 0.002               1083                ( 3,3 )( 3,3 )( 3,3 )( 3,4 )( 3,3 )( 3,2 )( 3,3 )
 0.002               1053                ( 3,3 )( 3,3 )( 3,3 )( 3,3 )( 3,4 )( 3,2 )( 3,3 )
 0.001               886                 ( 4,3 )( 3,3 )( 2,3 )( 3,3 )( 3,3 )( 3,3 )( 3,3 )
 0.002               1074                ( 3,3 )( 4,3 )( 3,3 )( 3,3 )( 3,3 )( 2,3 )( 3,3 )
 0.001               884                 ( 3,3 )( 3,3 )( 3,3 )( 3,4 )( 3,3 )( 3,3 )( 3,2 )
 0.001               893                 ( 3,3 )( 4,3 )( 3,3 )( 2,3 )( 3,3 )( 3,3 )( 3,3 )
 0.002               1071                ( 3,3 )( 3,3 )( 3,2 )( 3,3 )( 3,3 )( 3,4 )( 3,3 )
 0.001               882                 ( 3,3 )( 3,3 )( 3,3 )( 3,3 )( 3,4 )( 3,3 )( 3,2 )
 0.001               899                 ( 3,3 )( 2,3 )( 3,3 )( 4,3 )( 3,3 )( 3,3 )( 3,3 )
 0.001               872                 ( 4,3 )( 2,3 )( 3,3 )( 3,3 )( 3,3 )( 3,3 )( 3,3 )
 0.001               880                 ( 3,3 )( 3,3 )( 3,4 )( 3,3 )( 3,2 )( 3,3 )( 3,3 )
 0.002               1083                ( 3,3 )( 3,3 )( 3,4 )( 3,3 )( 3,3 )( 3,2 )( 3,3 )
 0.002               1083                ( 3,3 )( 3,3 )( 4,3 )( 3,3 )( 3,3 )( 2,3 )( 3,3 )
 0.001               900                 ( 3,3 )( 3,3 )( 4,3 )( 3,3 )( 2,3 )( 3,3 )( 3,3 )
 0.001               888                 ( 3,3 )( 3,3 )( 3,3 )( 4,3 )( 3,3 )( 3,3 )( 2,3 )
 0.002               1083                ( 3,3 )( 3,3 )( 3,3 )( 4,3 )( 3,3 )( 2,3 )( 3,3 )
 0.002               1079                ( 4,3 )( 3,3 )( 3,3 )( 3,3 )( 3,3 )( 2,3 )( 3,3 )
 0.001               873                 ( 3,4 )( 3,2 )( 3,3 )( 3,3 )( 3,3 )( 3,3 )( 3,3 )
 0.002               1132                ( 2,3 )( 3,3 )( 3,3 )( 3,3 )( 3,3 )( 4,3 )( 3,3 )
 0.001               882                 ( 3,3 )( 3,2 )( 3,3 )( 3,4 )( 3,3 )( 3,3 )( 3,3 )
 0.001               885                 ( 3,3 )( 3,3 )( 3,3 )( 3,2 )( 3,3 )( 3,3 )( 3,4 )
 0.001               872                 ( 3,3 )( 3,3 )( 3,3 )( 3,3 )( 3,2 )( 3,3 )( 3,4 )
 0.002               1081                ( 3,3 )( 3,3 )( 3,3 )( 3,3 )( 3,3 )( 3,2 )( 3,4 )
 0.002               1084                ( 3,3 )( 3,3 )( 3,3 )( 3,2 )( 3,3 )( 3,4 )( 3,3 )
 0.002               1123                ( 3,3 )( 3,3 )( 3,3 )( 3,3 )( 3,2 )( 3,4 )( 3,3 )
 0.002               1074                ( 3,3 )( 3,3 )( 3,3 )( 3,3 )( 3,3 )( 2,3 )( 4,3 )
 0.001               871                 ( 3,3 )( 3,3 )( 3,3 )( 3,3 )( 2,3 )( 3,3 )( 4,3 )
 0.001               883                 ( 3,3 )( 3,3 )( 3,3 )( 2,3 )( 3,3 )( 3,3 )( 4,3 )
 0.001               885                 ( 3,3 )( 3,4 )( 3,3 )( 3,2 )( 3,3 )( 3,3 )( 3,3 )
 0.002               1054                ( 3,3 )( 3,4 )( 3,3 )( 3,3 )( 3,3 )( 3,2 )( 3,3 )
 0.001               888                 ( 3,2 )( 3,3 )( 3,4 )( 3,3 )( 3,3 )( 3,3 )( 3,3 )
 0.002               1096                ( 3,3 )( 3,3 )( 2,3 )( 3,3 )( 3,3 )( 4,3 )( 3,3 )
 0.001               881                 ( 3,4 )( 3,3 )( 3,2 )( 3,3 )( 3,3 )( 3,3 )( 3,3 )
 0.002               1151                ( 3,3 )( 3,3 )( 3,3 )( 3,3 )( 3,3 )( 3,4 )( 3,2 )
 0.001               885                 ( 2,3 )( 4,3 )( 3,3 )( 3,3 )( 3,3 )( 3,3 )( 3,3 )
 0.002               1120                ( 3,3 )( 2,3 )( 3,3 )( 3,3 )( 3,3 )( 4,3 )( 3,3 )
 0.001               883                 ( 3,3 )( 3,3 )( 3,2 )( 3,3 )( 3,4 )( 3,3 )( 3,3 )
 0.001               897                 ( 3,3 )( 3,3 )( 2,3 )( 3,3 )( 4,3 )( 3,3 )( 3,3 )
 0.002               1130                ( 3,3 )( 3,3 )( 3,3 )( 3,3 )( 3,3 )( 4,3 )( 2,3 )
 0.001               881                 ( 2,3 )( 3,3 )( 4,3 )( 3,3 )( 3,3 )( 3,3 )( 3,3 )
 0.002               1127                ( 3,3 )( 3,3 )( 3,3 )( 3,3 )( 2,3 )( 4,3 )( 3,3 )
 0.002               1091                ( 3,3 )( 3,3 )( 3,3 )( 2,3 )( 3,3 )( 4,3 )( 3,3 )
 0.002               1144                ( 3,2 )( 3,3 )( 3,3 )( 3,3 )( 3,3 )( 3,4 )( 3,3 )
 --------------------------------------------------
7-element Vector{Dict{Tuple{Int64, Int64, Int64}, Bool}}:
 Dict((3, 3, 1) => 1)
 Dict((3, 3, 1) => 1)
 Dict((3, 3, 1) => 1)
 Dict((3, 3, 1) => 1)
 Dict((3, 3, 1) => 1)
 Dict((3, 3, 1) => 1)
 Dict((3, 3, 1) => 1)
 * κ1(Q) **************************
 Root =  1:     <Q> =    0.03424627   0.03424847   0.03424989   0.03424389   0.03424957   0.07416684   0.03424593
 * κ1(N) **************************
 Root =  1:     <N> =    6.00009508   6.00006097   6.00008641   6.00008872   6.00006299   5.99951410   6.00009172
 * κ1(Sz) *************************
 Root =  1:    <Sz> =    0.00001386  -0.00001440   0.00000181   0.00000359  -0.00001414  -0.00000642   0.00001570
 Root =  1:    <S2> =    0.02531877   0.02528369   0.02541129   0.02540633   0.02528521   0.05772064   0.02531830
 Root =  1:     <H> =  -27.62593824 -27.62604718 -27.62585888 -27.62587066 -27.62604207 -33.78614876 -27.62594913
 Root =  1:  <Hcmf> =   -6.41554270  -6.41555474  -6.41548475  -6.41548621  -6.41555477  -6.35106002  -6.41554216
 * κ2(N) **************************
 Root =  1: Cov(NI, NJ):
   0.02550829  -0.00759149  -0.00759755  -0.00017893  -0.00018108  -0.00955544  -0.00040380
  -0.00759149   0.02551065  -0.00017870  -0.00759694  -0.00040329  -0.00955850  -0.00018174
  -0.00759755  -0.00017870   0.02548714  -0.00040443  -0.00759720  -0.00953065  -0.00017861
  -0.00017893  -0.00759694  -0.00040443   0.02548365  -0.00017889  -0.00952713  -0.00759733
  -0.00018108  -0.00040329  -0.00759720  -0.00017889   0.02551021  -0.00955950  -0.00759024
  -0.00955544  -0.00955850  -0.00953065  -0.00952713  -0.00955950   0.05728681  -0.00955559
  -0.00040380  -0.00018174  -0.00017861  -0.00759733  -0.00759024  -0.00955559   0.02550731

 * κ2(Sz) *************************
 Root =  1: Cov(SzI, SzJ):
   0.00925446  -0.00275870  -0.00276328  -0.00004766  -0.00004725  -0.00350342  -0.00013415
  -0.00275870   0.00925935  -0.00004721  -0.00276279  -0.00013475  -0.00350864  -0.00004727
  -0.00276328  -0.00004721   0.00925669  -0.00013419  -0.00276300  -0.00350141  -0.00004761
  -0.00004766  -0.00276279  -0.00013419   0.00925467  -0.00004716  -0.00349950  -0.00276338
  -0.00004725  -0.00013475  -0.00276300  -0.00004716   0.00926062  -0.00350988  -0.00275859
  -0.00350342  -0.00350864  -0.00350141  -0.00349950  -0.00350988   0.02102656  -0.00350371
  -0.00013415  -0.00004727  -0.00004761  -0.00276338  -0.00275859  -0.00350371   0.00925471

 * κ2(Q) **************************
 Root =  1: Cov(QI, QJ):
   0.03307346   0.01079417   0.01080873   0.00010410   0.00011049   0.01342415  -0.00005672
   0.01079417   0.03307551   0.00010328   0.01080557  -0.00005735   0.01342571   0.00011064
   0.01080873   0.00010328   0.03307683  -0.00006024   0.01080523   0.01342283   0.00010397
   0.00010410   0.01080557  -0.00006024   0.03307124   0.00010314   0.01341670   0.01080811
   0.00011049  -0.00005735   0.01080523   0.00010314   0.03307654   0.01342799   0.01079245
   0.01342415   0.01342571   0.01342283   0.01341670   0.01342799   0.06866612   0.01342431
  -0.00005672   0.00011064   0.00010397   0.01080811   0.01079245   0.01342431   0.03307314

Root =  1: Cov(S2i,S2j):
   0.03086426   0.00917567   0.00913799  -0.00020937  -0.00021138   0.01161730  -0.00016823
   0.00917567   0.03081745  -0.00021103   0.00913992  -0.00017273   0.01157484  -0.00021100
   0.00913799  -0.00021103   0.03099828  -0.00015027   0.00914194   0.01175363  -0.00020901
  -0.00020937   0.00913992  -0.00015027   0.03099207  -0.00021131   0.01175149   0.00913734
  -0.00021138  -0.00017273   0.00914194  -0.00021131   0.03082064   0.01157813   0.00917414
   0.01161730   0.01157484   0.01175363   0.01175149   0.01157813   0.07135078   0.01161784
  -0.00016823  -0.00021100  -0.00020901   0.00913734   0.00917414   0.01161784   0.03086289

 Root =  1: Cov(Hi,Hj):
   0.36883451  -0.10626097  -0.10581800  -0.00264163  -0.00259563  -0.16338999  -0.00541187
  -0.10626097   0.36827861  -0.00258484  -0.10593386  -0.00538419  -0.16275581  -0.00259590
  -0.10581800  -0.00258484   0.37010198  -0.00551856  -0.10594553  -0.16508157  -0.00264310
  -0.00264163  -0.10593386  -0.00551856   0.37003141  -0.00258558  -0.16502016  -0.10581883
  -0.00259563  -0.00538419  -0.10594553  -0.00258558   0.36828061  -0.16276193  -0.10624187
  -0.16338999  -0.16275581  -0.16508157  -0.16502016  -0.16276193   1.18941750  -0.16344257
  -0.00541187  -0.00259590  -0.00264310  -0.10581883  -0.10624187  -0.16344257   0.36885799

 Root =  1: Cov(Hcmf_i,Hcmf_j):
   0.00499182   0.00134775   0.00134602  -0.00002528  -0.00002607   0.00165352  -0.00004245
   0.00134775   0.00498525  -0.00002539   0.00134667  -0.00004340   0.00165113  -0.00002606
   0.00134602  -0.00002539   0.00500802  -0.00003844   0.00134673   0.00166370  -0.00002525
  -0.00002528   0.00134667  -0.00003844   0.00500712  -0.00002539   0.00166361   0.00134627
  -0.00002607  -0.00004340   0.00134673  -0.00002539   0.00498525   0.00165112   0.00134755
   0.00165352   0.00165113   0.00166370   0.00166361   0.00165112   0.01241366   0.00165380
  -0.00004245  -0.00002606  -0.00002525   0.00134627   0.00134755   0.00165380   0.00499214