--------------------------------------------------
 ---------- Fockspaces in state ------: Dim = 56900  
 ----------                root ------:     =     1  
 --------------------------------------------------
 Printing contributions greater than: 0.001000
 Weight              # Configs           Fock space(α,β)...  
 -------             ---------           ----------          
 0.903               5309                ( 3,3 )( 3,3 )( 3,3 )( 3,3 )( 3,3 )( 3,3 )( 3,3 )
 0.002               621                 ( 3,3 )( 3,2 )( 3,3 )( 3,3 )( 3,3 )( 3,4 )( 3,3 )
 0.001               486                 ( 3,3 )( 3,3 )( 3,3 )( 3,3 )( 4,3 )( 3,3 )( 2,3 )
 0.001               485                 ( 3,2 )( 3,4 )( 3,3 )( 3,3 )( 3,3 )( 3,3 )( 3,3 )
 0.002               613                 ( 3,4 )( 3,3 )( 3,3 )( 3,3 )( 3,3 )( 3,2 )( 3,3 )
 0.002               621                 ( 3,3 )( 3,3 )( 3,3 )( 3,3 )( 4,3 )( 2,3 )( 3,3 )
 0.002               632                 ( 3,3 )( 3,3 )( 3,3 )( 3,4 )( 3,3 )( 3,2 )( 3,3 )
 0.002               617                 ( 3,3 )( 3,3 )( 3,3 )( 3,3 )( 3,4 )( 3,2 )( 3,3 )
 0.001               500                 ( 4,3 )( 3,3 )( 2,3 )( 3,3 )( 3,3 )( 3,3 )( 3,3 )
 0.002               622                 ( 3,3 )( 4,3 )( 3,3 )( 3,3 )( 3,3 )( 2,3 )( 3,3 )
 0.001               486                 ( 3,3 )( 3,3 )( 3,3 )( 3,4 )( 3,3 )( 3,3 )( 3,2 )
 0.001               501                 ( 3,3 )( 4,3 )( 3,3 )( 2,3 )( 3,3 )( 3,3 )( 3,3 )
 0.002               602                 ( 3,3 )( 3,3 )( 3,2 )( 3,3 )( 3,3 )( 3,4 )( 3,3 )
 0.001               485                 ( 3,3 )( 3,3 )( 3,3 )( 3,3 )( 3,4 )( 3,3 )( 3,2 )
 0.001               485                 ( 3,3 )( 2,3 )( 3,3 )( 4,3 )( 3,3 )( 3,3 )( 3,3 )
 0.001               483                 ( 4,3 )( 2,3 )( 3,3 )( 3,3 )( 3,3 )( 3,3 )( 3,3 )
 0.001               488                 ( 3,3 )( 3,3 )( 3,4 )( 3,3 )( 3,2 )( 3,3 )( 3,3 )
 0.002               632                 ( 3,3 )( 3,3 )( 3,4 )( 3,3 )( 3,3 )( 3,2 )( 3,3 )
 0.002               624                 ( 3,3 )( 3,3 )( 4,3 )( 3,3 )( 3,3 )( 2,3 )( 3,3 )
 0.001               484                 ( 3,3 )( 3,3 )( 4,3 )( 3,3 )( 2,3 )( 3,3 )( 3,3 )
 0.001               488                 ( 3,3 )( 3,3 )( 3,3 )( 4,3 )( 3,3 )( 3,3 )( 2,3 )
 0.002               624                 ( 3,3 )( 3,3 )( 3,3 )( 4,3 )( 3,3 )( 2,3 )( 3,3 )
 0.002               623                 ( 4,3 )( 3,3 )( 3,3 )( 3,3 )( 3,3 )( 2,3 )( 3,3 )
 0.001               487                 ( 3,4 )( 3,2 )( 3,3 )( 3,3 )( 3,3 )( 3,3 )( 3,3 )
 0.002               642                 ( 2,3 )( 3,3 )( 3,3 )( 3,3 )( 3,3 )( 4,3 )( 3,3 )
 0.001               488                 ( 3,3 )( 3,2 )( 3,3 )( 3,4 )( 3,3 )( 3,3 )( 3,3 )
 0.001               501                 ( 3,3 )( 3,3 )( 3,3 )( 3,2 )( 3,3 )( 3,3 )( 3,4 )
 0.001               489                 ( 3,3 )( 3,3 )( 3,3 )( 3,3 )( 3,2 )( 3,3 )( 3,4 )
 0.002               612                 ( 3,3 )( 3,3 )( 3,3 )( 3,3 )( 3,3 )( 3,2 )( 3,4 )
 0.002               600                 ( 3,3 )( 3,3 )( 3,3 )( 3,2 )( 3,3 )( 3,4 )( 3,3 )
 0.002               621                 ( 3,3 )( 3,3 )( 3,3 )( 3,3 )( 3,2 )( 3,4 )( 3,3 )
 0.002               620                 ( 3,3 )( 3,3 )( 3,3 )( 3,3 )( 3,3 )( 2,3 )( 4,3 )
 0.001               483                 ( 3,3 )( 3,3 )( 3,3 )( 3,3 )( 2,3 )( 3,3 )( 4,3 )
 0.001               499                 ( 3,3 )( 3,3 )( 3,3 )( 2,3 )( 3,3 )( 3,3 )( 4,3 )
 0.001               499                 ( 3,3 )( 3,4 )( 3,3 )( 3,2 )( 3,3 )( 3,3 )( 3,3 )
 0.002               618                 ( 3,3 )( 3,4 )( 3,3 )( 3,3 )( 3,3 )( 3,2 )( 3,3 )
 0.001               486                 ( 3,2 )( 3,3 )( 3,4 )( 3,3 )( 3,3 )( 3,3 )( 3,3 )
 0.002               606                 ( 3,3 )( 3,3 )( 2,3 )( 3,3 )( 3,3 )( 4,3 )( 3,3 )
 0.001               502                 ( 3,4 )( 3,3 )( 3,2 )( 3,3 )( 3,3 )( 3,3 )( 3,3 )
 0.002               624                 ( 3,3 )( 3,3 )( 3,3 )( 3,3 )( 3,3 )( 3,4 )( 3,2 )
 0.001               489                 ( 2,3 )( 4,3 )( 3,3 )( 3,3 )( 3,3 )( 3,3 )( 3,3 )
 0.002               606                 ( 3,3 )( 2,3 )( 3,3 )( 3,3 )( 3,3 )( 4,3 )( 3,3 )
 0.001               502                 ( 3,3 )( 3,3 )( 3,2 )( 3,3 )( 3,4 )( 3,3 )( 3,3 )
 0.001               501                 ( 3,3 )( 3,3 )( 2,3 )( 3,3 )( 4,3 )( 3,3 )( 3,3 )
 0.002               642                 ( 3,3 )( 3,3 )( 3,3 )( 3,3 )( 3,3 )( 4,3 )( 2,3 )
 0.001               488                 ( 2,3 )( 3,3 )( 4,3 )( 3,3 )( 3,3 )( 3,3 )( 3,3 )
 0.002               606                 ( 3,3 )( 3,3 )( 3,3 )( 3,3 )( 2,3 )( 4,3 )( 3,3 )
 0.002               605                 ( 3,3 )( 3,3 )( 3,3 )( 2,3 )( 3,3 )( 4,3 )( 3,3 )
 0.002               623                 ( 3,2 )( 3,3 )( 3,3 )( 3,3 )( 3,3 )( 3,4 )( 3,3 )
 * κ1(Q) **************************
 Root =  1:     <Q> =    0.03180399   0.03177302   0.03190209   0.03189866   0.03177284   0.06905529   0.03180509
 * κ1(N) **************************
 Root =  1:     <N> =    6.00007352   6.00010075   6.00011439   6.00011701   6.00009948   5.99941977   6.00007508
 * κ1(Sz) *************************
 Root =  1:    <Sz> =   -0.00001389   0.00000947   0.00000237  -0.00000055   0.00000928   0.00000592  -0.00001261
 Root =  1:    <S2> =    0.02531877   0.02528369   0.02541129   0.02540633   0.02528521   0.05772064   0.02531830
 Root =  1:     <H> =  -27.62593824 -27.62604718 -27.62585888 -27.62587066 -27.62604207 -33.78614876 -27.62594913
 Root =  1:  <Hcmf> =   -6.41554270  -6.41555474  -6.41548475  -6.41548621  -6.41555477  -6.35106002  -6.41554216
 Root =  1: Cov(Ni,Nj):
   0.02366259  -0.00706906  -0.00704417  -0.00016099  -0.00015799  -0.00888671  -0.00034367
  -0.00706906   0.02363034  -0.00015733  -0.00705107  -0.00034176  -0.00885313  -0.00015799
  -0.00704417  -0.00015733   0.02373237  -0.00035019  -0.00705187  -0.00896773  -0.00016109
  -0.00016099  -0.00705107  -0.00035019   0.02372854  -0.00015748  -0.00896449  -0.00704431
  -0.00015799  -0.00034176  -0.00705187  -0.00015748   0.02363037  -0.00885349  -0.00706777
  -0.00888671  -0.00885313  -0.00896773  -0.00896449  -0.00885349   0.05341503  -0.00888948
  -0.00034367  -0.00015799  -0.00016109  -0.00704431  -0.00706777  -0.00888948   0.02366430

 Root =  1: Cov(Szi,Szj):
   0.00847251  -0.00254159  -0.00252953  -0.00003772  -0.00003678  -0.00320899  -0.00011791
  -0.00254159   0.00846104  -0.00003682  -0.00253036  -0.00011720  -0.00319821  -0.00003685
  -0.00252953  -0.00003682   0.00850767  -0.00012236  -0.00253102  -0.00325007  -0.00003788
  -0.00003772  -0.00253036  -0.00012236   0.00850562  -0.00003686  -0.00324882  -0.00252952
  -0.00003678  -0.00011720  -0.00253102  -0.00003686   0.00846162  -0.00319877  -0.00254100
  -0.00320899  -0.00319821  -0.00325007  -0.00324882  -0.00319877   0.01931409  -0.00320923
  -0.00011791  -0.00003685  -0.00003788  -0.00252952  -0.00254100  -0.00320923   0.00847239

 Root =  1: Cov(S2i,S2j):
   0.03086426   0.00917567   0.00913799  -0.00020937  -0.00021138   0.01161730  -0.00016823
   0.00917567   0.03081745  -0.00021103   0.00913992  -0.00017273   0.01157484  -0.00021100
   0.00913799  -0.00021103   0.03099828  -0.00015027   0.00914194   0.01175363  -0.00020901
  -0.00020937   0.00913992  -0.00015027   0.03099207  -0.00021131   0.01175149   0.00913734
  -0.00021138  -0.00017273   0.00914194  -0.00021131   0.03082064   0.01157813   0.00917414
   0.01161730   0.01157484   0.01175363   0.01175149   0.01157813   0.07135078   0.01161784
  -0.00016823  -0.00021100  -0.00020901   0.00913734   0.00917414   0.01161784   0.03086289

 Root =  1: Cov(Hi,Hj):
   0.36883451  -0.10626097  -0.10581800  -0.00264163  -0.00259563  -0.16338999  -0.00541187
  -0.10626097   0.36827861  -0.00258484  -0.10593386  -0.00538419  -0.16275581  -0.00259590
  -0.10581800  -0.00258484   0.37010198  -0.00551856  -0.10594553  -0.16508157  -0.00264310
  -0.00264163  -0.10593386  -0.00551856   0.37003141  -0.00258558  -0.16502016  -0.10581883
  -0.00259563  -0.00538419  -0.10594553  -0.00258558   0.36828061  -0.16276193  -0.10624187
  -0.16338999  -0.16275581  -0.16508157  -0.16502016  -0.16276193   1.18941750  -0.16344257
  -0.00541187  -0.00259590  -0.00264310  -0.10581883  -0.10624187  -0.16344257   0.36885799

 Root =  1: Cov(Hcmf_i,Hcmf_j):
   0.00499182   0.00134775   0.00134602  -0.00002528  -0.00002607   0.00165352  -0.00004245
   0.00134775   0.00498525  -0.00002539   0.00134667  -0.00004340   0.00165113  -0.00002606
   0.00134602  -0.00002539   0.00500802  -0.00003844   0.00134673   0.00166370  -0.00002525
  -0.00002528   0.00134667  -0.00003844   0.00500712  -0.00002539   0.00166361   0.00134627
  -0.00002607  -0.00004340   0.00134673  -0.00002539   0.00498525   0.00165112   0.00134755
   0.00165352   0.00165113   0.00166370   0.00166361   0.00165112   0.01241366   0.00165380
  -0.00004245  -0.00002606  -0.00002525   0.00134627   0.00134755   0.00165380   0.00499214

 * κ2(Q) **************************
 Root =  1: Cov(QI, QJ):
   0.03151639   0.00882228   0.00878889  -0.00022436  -0.00022005   0.01099497  -0.00040445
   0.00882228   0.03150784  -0.00022440   0.00878835  -0.00040474   0.01098710  -0.00022006
   0.00878889  -0.00022440   0.03159171  -0.00036916   0.00878830   0.01108500  -0.00022438
  -0.00022436   0.00878835  -0.00036916   0.03159127  -0.00022438   0.01108454   0.00878864
  -0.00022005  -0.00040474   0.00878830  -0.00022438   0.03150787   0.01098715   0.00882233
   0.01099497   0.01098710   0.01108500   0.01108454   0.01098715   0.05823799   0.01099507
  -0.00040445  -0.00022006  -0.00022438   0.00878864   0.00882233   0.01099507   0.03151602
